4
33
4
9
9
4
4
8
29
17
19
18
16
6
43
4
38
10
4
8
6
4
7
31
37
4
38
4
11
4
11
17
0
1
38
35
6
24
1
5
4
6
0
4
4
6
39
14
2
38
41
34
7
16
10
13
17
16
10
12
17
4
15
35
10
29
17
10
26
4
11
25
10
4
3
4
11
18
4
38
38
30
17
0
2
6
44
4
21
21
10
4
16
38
15
38
6
4
3
23
35
4
19
37
16
38
1
16
38
1
4
33
33
4
6
21
2
10
42
14
3
6
33
32
34
10
1
7
38
6
8
22
4
38
21
3
38
24
40
4
16
2
13
6
4
10
27
16
5
4
35
16
28
4
16
38
34
18
9
38
17
38
4
38
12
8
3
4
17
7
16
12
2
38
9
4
41
1
6
2
4
10
20
4
36
20
16
25
6
38
4
9
9
4
4
22
4
16
7
