0
24
0
22
16
0
25
18
11
1
12
20
2
17
0
0
0
19
0
18
0
0
1
26
13
0
23
0
3
4
3
1
1
20
23
0
17
18
21
2
0
22
27
0
0
22
22
28
5
23
0
1
1
2
19
14
1
29
19
6
1
0
15
0
19
11
1
23
1
23
20
30
0
3
31
19
0
22
4
3
20
4
23
23
32
1
1
5
17
33
4
7
7
19
0
2
34
15
23
17
4
22
35
0
0
12
13
2
23
21
2
23
21
0
36
0
0
17
7
5
19
19
1
22
17
37
38
1
19
21
0
23
22
18
8
0
9
7
9
23
18
39
0
2
5
14
22
0
19
40
41
5
0
0
2
42
0
2
23
1
20
16
23
1
23
0
23
6
18
22
0
1
1
2
6
5
43
16
0
44
16
22
5
0
23
10
0
45
10
2
46
17
23
0
16
16
0
0
8
0
2
1
